YYYY	DOY	AU	ELAT	ELON	HG_LAT	HG_LON	HGI_LON
1998	1	9.331	-2.48	19.88	3.51	202.87	304.18
1998	2	9.330	-2.48	19.92	3.51	188.72	304.22
1998	3	9.330	-2.48	19.95	3.50	174.56	304.25
1998	4	9.330	-2.48	19.99	3.50	160.41	304.29
1998	5	9.329	-2.48	20.02	3.50	146.26	304.32
1998	6	9.329	-2.48	20.06	3.50	132.10	304.35
1998	7	9.329	-2.48	20.09	3.49	117.95	304.39
1998	8	9.329	-2.48	20.13	3.49	103.80	304.42
1998	9	9.328	-2.48	20.16	3.49	89.71	304.46
1998	10	9.328	-2.48	20.20	3.49	75.56	304.49
1998	11	9.328	-2.48	20.23	3.48	61.40	304.53
1998	12	9.327	-2.48	20.27	3.48	47.25	304.56
1998	13	9.327	-2.48	20.30	3.48	33.10	304.60
1998	14	9.327	-2.48	20.34	3.48	18.95	304.63
1998	15	9.327	-2.48	20.37	3.47	4.79	304.67
1998	16	9.326	-2.48	20.41	3.47	350.64	304.70
1998	17	9.326	-2.48	20.44	3.47	336.49	304.74
1998	18	9.326	-2.48	20.48	3.47	322.34	304.77
1998	19	9.325	-2.48	20.51	3.46	308.18	304.81
1998	20	9.325	-2.48	20.55	3.46	294.03	304.84
1998	21	9.325	-2.48	20.58	3.46	279.88	304.88
1998	22	9.325	-2.48	20.62	3.46	265.72	304.91
1998	23	9.324	-2.48	20.65	3.45	251.57	304.95
1998	24	9.324	-2.48	20.69	3.45	237.42	304.98
1998	25	9.324	-2.48	20.72	3.45	223.27	305.02
1998	26	9.323	-2.48	20.76	3.45	209.11	305.05
1998	27	9.323	-2.48	20.79	3.44	194.96	305.09
1998	28	9.323	-2.48	20.83	3.44	180.81	305.12
1998	29	9.322	-2.48	20.86	3.44	166.72	305.16
1998	30	9.322	-2.48	20.90	3.43	152.57	305.19
1998	31	9.322	-2.48	20.93	3.43	138.41	305.23
1998	32	9.322	-2.48	20.97	3.43	124.26	305.26
1998	33	9.321	-2.49	21.00	3.43	110.11	305.30
1998	34	9.321	-2.49	21.04	3.42	95.96	305.33
1998	35	9.321	-2.49	21.07	3.42	81.80	305.37
1998	36	9.320	-2.49	21.11	3.42	67.65	305.40
1998	37	9.320	-2.49	21.14	3.42	53.50	305.44
1998	38	9.320	-2.49	21.18	3.41	39.35	305.47
1998	39	9.320	-2.49	21.21	3.41	25.19	305.51
1998	40	9.319	-2.49	21.25	3.41	11.04	305.54
1998	41	9.319	-2.49	21.28	3.41	356.89	305.58
1998	42	9.319	-2.49	21.32	3.40	342.74	305.61
1998	43	9.318	-2.49	21.35	3.40	328.58	305.64
1998	44	9.318	-2.49	21.39	3.40	314.43	305.68
1998	45	9.318	-2.49	21.42	3.40	300.28	305.71
1998	46	9.318	-2.49	21.46	3.39	286.12	305.75
1998	47	9.317	-2.49	21.49	3.39	271.97	305.78
1998	48	9.317	-2.49	21.53	3.39	257.82	305.82
1998	49	9.317	-2.49	21.56	3.38	243.73	305.85
1998	50	9.316	-2.49	21.60	3.38	229.58	305.89
1998	51	9.316	-2.49	21.63	3.38	215.42	305.92
1998	52	9.316	-2.49	21.67	3.38	201.27	305.96
1998	53	9.315	-2.49	21.70	3.37	187.12	305.99
1998	54	9.315	-2.49	21.74	3.37	172.97	306.03
1998	55	9.315	-2.49	21.77	3.37	158.81	306.06
1998	56	9.315	-2.49	21.81	3.37	144.66	306.10
1998	57	9.314	-2.49	21.84	3.36	130.51	306.13
1998	58	9.314	-2.49	21.88	3.36	116.36	306.17
1998	59	9.314	-2.49	21.91	3.36	102.20	306.20
1998	60	9.313	-2.49	21.95	3.36	88.05	306.24
1998	61	9.313	-2.49	21.98	3.35	73.90	306.27
1998	62	9.313	-2.49	22.02	3.35	59.75	306.31
1998	63	9.313	-2.49	22.05	3.35	45.59	306.34
1998	64	9.312	-2.49	22.09	3.35	31.44	306.38
1998	65	9.312	-2.49	22.12	3.34	17.29	306.41
1998	66	9.312	-2.49	22.16	3.34	3.14	306.45
1998	67	9.311	-2.49	22.19	3.34	348.98	306.48
1998	68	9.311	-2.49	22.23	3.33	334.83	306.52
1998	69	9.311	-2.49	22.26	3.33	320.74	306.55
1998	70	9.311	-2.49	22.30	3.33	306.59	306.59
1998	71	9.310	-2.49	22.33	3.33	292.44	306.62
1998	72	9.310	-2.49	22.37	3.32	278.28	306.66
1998	73	9.310	-2.49	22.40	3.32	264.13	306.69
1998	74	9.309	-2.49	22.44	3.32	249.98	306.73
1998	75	9.309	-2.49	22.47	3.32	235.83	306.76
1998	76	9.309	-2.49	22.51	3.31	221.67	306.80
1998	77	9.309	-2.49	22.54	3.31	207.52	306.83
1998	78	9.308	-2.49	22.58	3.31	193.37	306.87
1998	79	9.308	-2.49	22.61	3.31	179.22	306.90
1998	80	9.308	-2.49	22.65	3.30	165.06	306.94
1998	81	9.307	-2.49	22.68	3.30	150.91	306.97
1998	82	9.307	-2.49	22.72	3.30	136.76	307.01
1998	83	9.307	-2.49	22.75	3.29	122.61	307.04
1998	84	9.307	-2.49	22.79	3.29	108.45	307.08
1998	85	9.306	-2.49	22.82	3.29	94.30	307.11
1998	86	9.306	-2.49	22.86	3.29	80.15	307.15
1998	87	9.306	-2.49	22.89	3.28	65.99	307.18
1998	88	9.305	-2.49	22.93	3.28	51.84	307.22
1998	89	9.305	-2.49	22.96	3.28	37.69	307.25
1998	90	9.305	-2.49	23.00	3.28	23.60	307.29
1998	91	9.305	-2.49	23.04	3.27	9.45	307.32
1998	92	9.304	-2.49	23.07	3.27	355.29	307.36
1998	93	9.304	-2.49	23.11	3.27	341.14	307.39
1998	94	9.304	-2.49	23.14	3.26	326.99	307.43
1998	95	9.303	-2.49	23.18	3.26	312.84	307.46
1998	96	9.303	-2.49	23.21	3.26	298.68	307.50
1998	97	9.303	-2.49	23.25	3.26	284.53	307.53
1998	98	9.302	-2.49	23.28	3.25	270.38	307.57
1998	99	9.302	-2.49	23.32	3.25	256.23	307.60
1998	100	9.302	-2.49	23.35	3.25	242.07	307.64
1998	101	9.302	-2.49	23.39	3.25	227.92	307.67
1998	102	9.301	-2.49	23.42	3.24	213.77	307.71
1998	103	9.301	-2.49	23.46	3.24	199.62	307.74
1998	104	9.301	-2.49	23.49	3.24	185.47	307.78
1998	105	9.300	-2.49	23.53	3.24	171.31	307.81
1998	106	9.300	-2.49	23.56	3.23	157.16	307.85
1998	107	9.300	-2.49	23.60	3.23	143.01	307.88
1998	108	9.300	-2.49	23.63	3.23	128.86	307.92
1998	109	9.299	-2.49	23.67	3.22	114.70	307.95
1998	110	9.299	-2.49	23.70	3.22	100.61	307.99
1998	111	9.299	-2.49	23.74	3.22	86.46	308.02
1998	112	9.298	-2.49	23.77	3.22	72.31	308.06
1998	113	9.298	-2.49	23.81	3.21	58.16	308.09
1998	114	9.298	-2.49	23.84	3.21	44.00	308.13
1998	115	9.298	-2.49	23.88	3.21	29.85	308.16
1998	116	9.297	-2.49	23.91	3.21	15.70	308.20
1998	117	9.297	-2.49	23.95	3.20	1.55	308.23
1998	118	9.297	-2.49	23.98	3.20	347.39	308.27
1998	119	9.296	-2.49	24.02	3.20	333.24	308.30
1998	120	9.296	-2.49	24.05	3.19	319.09	308.34
1998	121	9.296	-2.49	24.09	3.19	304.94	308.37
1998	122	9.296	-2.49	24.12	3.19	290.78	308.41
1998	123	9.295	-2.49	24.16	3.19	276.63	308.44
1998	124	9.295	-2.49	24.20	3.18	262.48	308.48
1998	125	9.295	-2.49	24.23	3.18	248.33	308.51
1998	126	9.294	-2.49	24.27	3.18	234.17	308.55
1998	127	9.294	-2.49	24.30	3.18	220.02	308.58
1998	128	9.294	-2.49	24.34	3.17	205.87	308.62
1998	129	9.294	-2.49	24.37	3.17	191.72	308.65
1998	130	9.293	-2.49	24.41	3.17	177.63	308.69
1998	131	9.293	-2.49	24.44	3.16	163.47	308.72
1998	132	9.293	-2.49	24.48	3.16	149.32	308.76
1998	133	9.292	-2.49	24.51	3.16	135.17	308.79
1998	134	9.292	-2.49	24.55	3.16	121.02	308.83
1998	135	9.292	-2.49	24.58	3.15	106.86	308.86
1998	136	9.292	-2.49	24.62	3.15	92.71	308.90
1998	137	9.291	-2.49	24.65	3.15	78.56	308.93
1998	138	9.291	-2.49	24.69	3.14	64.41	308.97
1998	139	9.291	-2.49	24.72	3.14	50.25	309.00
1998	140	9.290	-2.49	24.76	3.14	36.10	309.04
1998	141	9.290	-2.49	24.79	3.14	21.95	309.07
1998	142	9.290	-2.49	24.83	3.13	7.80	309.11
1998	143	9.290	-2.49	24.86	3.13	353.64	309.14
1998	144	9.289	-2.49	24.90	3.13	339.49	309.18
1998	145	9.289	-2.49	24.93	3.13	325.34	309.22
1998	146	9.289	-2.49	24.97	3.12	311.19	309.25
1998	147	9.289	-2.49	25.00	3.12	297.04	309.29
1998	148	9.288	-2.49	25.04	3.12	282.88	309.32
1998	149	9.288	-2.49	25.08	3.11	268.73	309.36
1998	150	9.288	-2.49	25.11	3.11	254.64	309.39
1998	151	9.287	-2.49	25.15	3.11	240.49	309.43
1998	152	9.287	-2.49	25.18	3.11	226.34	309.46
1998	153	9.287	-2.49	25.22	3.10	212.18	309.50
1998	154	9.287	-2.49	25.25	3.10	198.03	309.53
1998	155	9.286	-2.49	25.29	3.10	183.88	309.57
1998	156	9.286	-2.49	25.32	3.09	169.73	309.60
1998	157	9.286	-2.49	25.36	3.09	155.57	309.64
1998	158	9.285	-2.49	25.39	3.09	141.42	309.67
1998	159	9.285	-2.49	25.43	3.09	127.27	309.71
1998	160	9.285	-2.49	25.46	3.08	113.12	309.74
1998	161	9.285	-2.49	25.50	3.08	98.96	309.78
1998	162	9.284	-2.49	25.53	3.08	84.81	309.81
1998	163	9.284	-2.49	25.57	3.08	70.66	309.85
1998	164	9.284	-2.49	25.60	3.07	56.51	309.88
1998	165	9.283	-2.49	25.64	3.07	42.36	309.92
1998	166	9.283	-2.49	25.67	3.07	28.20	309.95
1998	167	9.283	-2.49	25.71	3.06	14.05	309.99
1998	168	9.283	-2.49	25.75	3.06	359.90	310.02
1998	169	9.282	-2.49	25.78	3.06	345.75	310.06
1998	170	9.282	-2.49	25.82	3.06	331.66	310.09
1998	171	9.282	-2.49	25.85	3.05	317.50	310.13
1998	172	9.281	-2.49	25.89	3.05	303.35	310.16
1998	173	9.281	-2.49	25.92	3.05	289.20	310.20
1998	174	9.281	-2.49	25.96	3.04	275.05	310.23
1998	175	9.281	-2.49	25.99	3.04	260.89	310.27
1998	176	9.280	-2.49	26.03	3.04	246.74	310.30
1998	177	9.280	-2.49	26.06	3.04	232.59	310.34
1998	178	9.280	-2.49	26.10	3.03	218.44	310.37
1998	179	9.279	-2.49	26.13	3.03	204.28	310.41
1998	180	9.279	-2.49	26.17	3.03	190.13	310.44
1998	181	9.279	-2.49	26.20	3.02	175.98	310.48
1998	182	9.279	-2.48	26.24	3.02	161.83	310.52
1998	183	9.278	-2.48	26.27	3.02	147.68	310.55
1998	184	9.278	-2.48	26.31	3.02	133.52	310.59
1998	185	9.278	-2.48	26.35	3.01	119.37	310.62
1998	186	9.278	-2.48	26.38	3.01	105.22	310.66
1998	187	9.277	-2.48	26.42	3.01	91.07	310.69
1998	188	9.277	-2.48	26.45	3.01	76.91	310.73
1998	189	9.277	-2.48	26.49	3.00	62.76	310.76
1998	190	9.276	-2.48	26.52	3.00	48.67	310.80
1998	191	9.276	-2.48	26.56	3.00	34.52	310.83
1998	192	9.276	-2.48	26.59	2.99	20.37	310.87
1998	193	9.276	-2.48	26.63	2.99	6.21	310.90
1998	194	9.275	-2.48	26.66	2.99	352.06	310.94
1998	195	9.275	-2.48	26.70	2.99	337.91	310.97
1998	196	9.275	-2.48	26.73	2.98	323.76	311.01
1998	197	9.274	-2.48	26.77	2.98	309.61	311.04
1998	198	9.274	-2.48	26.80	2.98	295.45	311.08
1998	199	9.274	-2.48	26.84	2.97	281.30	311.11
1998	200	9.274	-2.48	26.88	2.97	267.15	311.15
1998	201	9.273	-2.48	26.91	2.97	253.00	311.18
1998	202	9.273	-2.48	26.95	2.97	238.84	311.22
1998	203	9.273	-2.48	26.98	2.96	224.69	311.25
1998	204	9.272	-2.48	27.02	2.96	210.54	311.29
1998	205	9.272	-2.48	27.05	2.96	196.39	311.32
1998	206	9.272	-2.48	27.09	2.95	182.24	311.36
1998	207	9.272	-2.48	27.12	2.95	168.08	311.40
1998	208	9.271	-2.48	27.16	2.95	153.93	311.43
1998	209	9.271	-2.48	27.19	2.95	139.78	311.47
1998	210	9.271	-2.48	27.23	2.94	125.63	311.50
1998	211	9.271	-2.48	27.26	2.94	111.54	311.54
1998	212	9.270	-2.48	27.30	2.94	97.38	311.57
1998	213	9.270	-2.48	27.34	2.93	83.23	311.61
1998	214	9.270	-2.48	27.37	2.93	69.08	311.64
1998	215	9.269	-2.48	27.41	2.93	54.93	311.68
1998	216	9.269	-2.48	27.44	2.93	40.77	311.71
1998	217	9.269	-2.48	27.48	2.92	26.62	311.75
1998	218	9.269	-2.48	27.51	2.92	12.47	311.78
1998	219	9.268	-2.48	27.55	2.92	358.32	311.82
1998	220	9.268	-2.48	27.58	2.91	344.17	311.85
1998	221	9.268	-2.48	27.62	2.91	330.01	311.89
1998	222	9.267	-2.48	27.65	2.91	315.86	311.92
1998	223	9.267	-2.48	27.69	2.91	301.71	311.96
1998	224	9.267	-2.48	27.72	2.90	287.56	311.99
1998	225	9.267	-2.48	27.76	2.90	273.40	312.03
1998	226	9.266	-2.48	27.80	2.90	259.25	312.06
1998	227	9.266	-2.48	27.83	2.89	245.10	312.10
1998	228	9.266	-2.48	27.87	2.89	230.95	312.14
1998	229	9.266	-2.48	27.90	2.89	216.80	312.17
1998	230	9.265	-2.48	27.94	2.89	202.64	312.21
1998	231	9.265	-2.48	27.97	2.88	188.55	312.24
1998	232	9.265	-2.48	28.01	2.88	174.40	312.28
1998	233	9.264	-2.48	28.04	2.88	160.25	312.31
1998	234	9.264	-2.48	28.08	2.87	146.10	312.35
1998	235	9.264	-2.48	28.11	2.87	131.94	312.38
1998	236	9.264	-2.48	28.15	2.87	117.79	312.42
1998	237	9.263	-2.48	28.18	2.87	103.64	312.45
1998	238	9.263	-2.48	28.22	2.86	89.49	312.49
1998	239	9.263	-2.48	28.26	2.86	75.34	312.52
1998	240	9.262	-2.48	28.29	2.86	61.18	312.56
1998	241	9.262	-2.48	28.33	2.85	47.03	312.59
1998	242	9.262	-2.48	28.36	2.85	32.88	312.63
1998	243	9.262	-2.48	28.40	2.85	18.73	312.66
1998	244	9.261	-2.48	28.43	2.84	4.57	312.70
1998	245	9.261	-2.48	28.47	2.84	350.42	312.74
1998	246	9.261	-2.48	28.50	2.84	336.27	312.77
1998	247	9.261	-2.48	28.54	2.84	322.12	312.81
1998	248	9.260	-2.48	28.57	2.83	307.97	312.84
1998	249	9.260	-2.48	28.61	2.83	293.81	312.88
1998	250	9.260	-2.48	28.65	2.83	279.66	312.91
1998	251	9.259	-2.48	28.68	2.82	265.57	312.95
1998	252	9.259	-2.48	28.72	2.82	251.42	312.98
1998	253	9.259	-2.48	28.75	2.82	237.27	313.02
1998	254	9.259	-2.48	28.79	2.82	223.12	313.05
1998	255	9.258	-2.48	28.82	2.81	208.96	313.09
1998	256	9.258	-2.48	28.86	2.81	194.81	313.12
1998	257	9.258	-2.48	28.89	2.81	180.66	313.16
1998	258	9.257	-2.48	28.93	2.80	166.51	313.19
1998	259	9.257	-2.48	28.96	2.80	152.35	313.23
1998	260	9.257	-2.48	29.00	2.80	138.20	313.26
1998	261	9.257	-2.48	29.04	2.80	124.05	313.30
1998	262	9.256	-2.48	29.07	2.79	109.90	313.34
1998	263	9.256	-2.48	29.11	2.79	95.75	313.37
1998	264	9.256	-2.48	29.14	2.79	81.59	313.41
1998	265	9.256	-2.48	29.18	2.78	67.44	313.44
1998	266	9.255	-2.48	29.21	2.78	53.29	313.48
1998	267	9.255	-2.48	29.25	2.78	39.14	313.51
1998	268	9.255	-2.48	29.28	2.78	24.99	313.55
1998	269	9.254	-2.48	29.32	2.77	10.83	313.58
1998	270	9.254	-2.48	29.36	2.77	356.68	313.62
1998	271	9.254	-2.47	29.39	2.77	342.59	313.65
1998	272	9.254	-2.47	29.43	2.76	328.44	313.69
1998	273	9.253	-2.47	29.46	2.76	314.29	313.72
1998	274	9.253	-2.47	29.50	2.76	300.13	313.76
1998	275	9.253	-2.47	29.53	2.75	285.98	313.79
1998	276	9.253	-2.47	29.57	2.75	271.83	313.83
1998	277	9.252	-2.47	29.60	2.75	257.68	313.87
1998	278	9.252	-2.47	29.64	2.75	243.53	313.90
1998	279	9.252	-2.47	29.67	2.74	229.37	313.94
1998	280	9.251	-2.47	29.71	2.74	215.22	313.97
1998	281	9.251	-2.47	29.75	2.74	201.07	314.01
1998	282	9.251	-2.47	29.78	2.73	186.92	314.04
1998	283	9.251	-2.47	29.82	2.73	172.77	314.08
1998	284	9.250	-2.47	29.85	2.73	158.61	314.11
1998	285	9.250	-2.47	29.89	2.73	144.46	314.15
1998	286	9.250	-2.47	29.92	2.72	130.31	314.18
1998	287	9.250	-2.47	29.96	2.72	116.16	314.22
1998	288	9.249	-2.47	29.99	2.72	102.00	314.25
1998	289	9.249	-2.47	30.03	2.71	87.85	314.29
1998	290	9.249	-2.47	30.07	2.71	73.70	314.33
1998	291	9.248	-2.47	30.10	2.71	59.61	314.36
1998	292	9.248	-2.47	30.14	2.70	45.46	314.40
1998	293	9.248	-2.47	30.17	2.70	31.31	314.43
1998	294	9.248	-2.47	30.21	2.70	17.15	314.47
1998	295	9.247	-2.47	30.24	2.70	3.00	314.50
1998	296	9.247	-2.47	30.28	2.69	348.85	314.54
1998	297	9.247	-2.47	30.31	2.69	334.70	314.57
1998	298	9.247	-2.47	30.35	2.69	320.55	314.61
1998	299	9.246	-2.47	30.39	2.68	306.39	314.64
1998	300	9.246	-2.47	30.42	2.68	292.24	314.68
1998	301	9.246	-2.47	30.46	2.68	278.09	314.71
1998	302	9.245	-2.47	30.49	2.67	263.94	314.75
1998	303	9.245	-2.47	30.53	2.67	249.79	314.79
1998	304	9.245	-2.47	30.56	2.67	235.63	314.82
1998	305	9.245	-2.47	30.60	2.67	221.48	314.86
1998	306	9.244	-2.47	30.63	2.66	207.33	314.89
1998	307	9.244	-2.47	30.67	2.66	193.18	314.93
1998	308	9.244	-2.47	30.71	2.66	179.03	314.96
1998	309	9.244	-2.47	30.74	2.65	164.87	315.00
1998	310	9.243	-2.47	30.78	2.65	150.72	315.03
1998	311	9.243	-2.47	30.81	2.65	136.63	315.07
1998	312	9.243	-2.47	30.85	2.65	122.48	315.10
1998	313	9.243	-2.47	30.88	2.64	108.33	315.14
1998	314	9.242	-2.47	30.92	2.64	94.18	315.18
1998	315	9.242	-2.47	30.95	2.64	80.02	315.21
1998	316	9.242	-2.47	30.99	2.63	65.87	315.25
1998	317	9.241	-2.47	31.03	2.63	51.72	315.28
1998	318	9.241	-2.47	31.06	2.63	37.57	315.32
1998	319	9.241	-2.47	31.10	2.62	23.42	315.35
1998	320	9.241	-2.47	31.13	2.62	9.26	315.39
1998	321	9.240	-2.47	31.17	2.62	355.11	315.42
1998	322	9.240	-2.47	31.20	2.62	340.96	315.46
1998	323	9.240	-2.47	31.24	2.61	326.81	315.49
1998	324	9.240	-2.47	31.27	2.61	312.65	315.53
1998	325	9.239	-2.47	31.31	2.61	298.50	315.57
1998	326	9.239	-2.47	31.35	2.60	284.35	315.60
1998	327	9.239	-2.46	31.38	2.60	270.20	315.64
1998	328	9.238	-2.46	31.42	2.60	256.05	315.67
1998	329	9.238	-2.46	31.45	2.59	241.89	315.71
1998	330	9.238	-2.46	31.49	2.59	227.74	315.74
1998	331	9.238	-2.46	31.52	2.59	213.65	315.78
1998	332	9.237	-2.46	31.56	2.59	199.50	315.81
1998	333	9.237	-2.46	31.60	2.58	185.35	315.85
1998	334	9.237	-2.46	31.63	2.58	171.20	315.88
1998	335	9.237	-2.46	31.67	2.58	157.04	315.92
1998	336	9.236	-2.46	31.70	2.57	142.89	315.96
1998	337	9.236	-2.46	31.74	2.57	128.74	315.99
1998	338	9.236	-2.46	31.77	2.57	114.59	316.03
1998	339	9.236	-2.46	31.81	2.56	100.44	316.06
1998	340	9.235	-2.46	31.84	2.56	86.28	316.10
1998	341	9.235	-2.46	31.88	2.56	72.13	316.13
1998	342	9.235	-2.46	31.92	2.56	57.98	316.17
1998	343	9.234	-2.46	31.95	2.55	43.83	316.20
1998	344	9.234	-2.46	31.99	2.55	29.68	316.24
1998	345	9.234	-2.46	32.02	2.55	15.52	316.27
1998	346	9.234	-2.46	32.06	2.54	1.37	316.31
1998	347	9.233	-2.46	32.09	2.54	347.22	316.35
1998	348	9.233	-2.46	32.13	2.54	333.07	316.38
1998	349	9.233	-2.46	32.17	2.53	318.92	316.42
1998	350	9.233	-2.46	32.20	2.53	304.76	316.45
1998	351	9.232	-2.46	32.24	2.53	290.61	316.49
1998	352	9.232	-2.46	32.27	2.53	276.52	316.52
1998	353	9.232	-2.46	32.31	2.52	262.37	316.56
1998	354	9.232	-2.46	32.34	2.52	248.22	316.59
1998	355	9.231	-2.46	32.38	2.52	234.07	316.63
1998	356	9.231	-2.46	32.42	2.51	219.92	316.67
1998	357	9.231	-2.46	32.45	2.51	205.76	316.70
1998	358	9.230	-2.46	32.49	2.51	191.61	316.74
1998	359	9.230	-2.46	32.52	2.50	177.46	316.77
1998	360	9.230	-2.46	32.56	2.50	163.31	316.81
1998	361	9.230	-2.46	32.59	2.50	149.16	316.84
1998	362	9.229	-2.46	32.63	2.49	135.00	316.88
1998	363	9.229	-2.46	32.67	2.49	120.85	316.91
1998	364	9.229	-2.46	32.70	2.49	106.70	316.95
1998	365	9.229	-2.46	32.74	2.49	92.55	316.98
