YYYY	DOY	AU	ELAT	ELON	HG_LAT	HG_LON	HGI_LON
1998	1	0.983	0.00	100.36	-3.01	283.13	24.44
1998	2	0.983	0.00	101.38	-3.12	269.96	25.46
1998	3	0.983	0.00	102.39	-3.24	256.78	26.47
1998	4	0.983	0.00	103.41	-3.35	243.61	27.49
1998	5	0.983	0.00	104.43	-3.47	230.44	28.50
1998	6	0.983	0.00	105.45	-3.58	217.26	29.51
1998	7	0.983	0.00	106.47	-3.69	204.09	30.53
1998	8	0.983	0.00	107.49	-3.80	190.92	31.55
1998	9	0.983	0.00	108.51	-3.91	177.81	32.56
1998	10	0.983	0.00	109.53	-4.02	164.64	33.58
1998	11	0.983	0.00	110.55	-4.12	151.47	34.59
1998	12	0.983	0.00	111.57	-4.23	138.30	35.61
1998	13	0.984	0.00	112.59	-4.33	125.12	36.62
1998	14	0.984	0.00	113.60	-4.44	111.95	37.64
1998	15	0.984	0.00	114.62	-4.54	98.78	38.66
1998	16	0.984	0.00	115.64	-4.64	85.61	39.68
1998	17	0.984	0.00	116.66	-4.73	72.44	40.69
1998	18	0.984	0.00	117.68	-4.83	59.27	41.71
1998	19	0.984	0.00	118.70	-4.93	46.10	42.73
1998	20	0.984	0.00	119.71	-5.02	32.93	43.74
1998	21	0.984	0.00	120.73	-5.11	19.76	44.76
1998	22	0.984	0.00	121.75	-5.20	6.59	45.78
1998	23	0.984	0.00	122.77	-5.29	353.42	46.80
1998	24	0.984	0.00	123.78	-5.38	340.25	47.81
1998	25	0.984	0.00	124.80	-5.46	327.08	48.83
1998	26	0.985	0.00	125.82	-5.55	313.91	49.85
1998	27	0.985	0.00	126.83	-5.63	300.74	50.87
1998	28	0.985	0.00	127.85	-5.71	287.57	51.89
1998	29	0.985	0.00	128.87	-5.78	274.47	52.90
1998	30	0.985	0.00	129.88	-5.86	261.30	53.92
1998	31	0.985	0.00	130.90	-5.94	248.13	54.94
1998	32	0.985	0.00	131.91	-6.01	234.96	55.96
1998	33	0.985	0.00	132.93	-6.08	221.79	56.98
1998	34	0.986	0.00	133.94	-6.15	208.62	58.00
1998	35	0.986	0.00	134.96	-6.21	195.45	59.01
1998	36	0.986	0.00	135.97	-6.28	182.28	60.03
1998	37	0.986	0.00	136.99	-6.34	169.11	61.05
1998	38	0.986	0.00	138.00	-6.40	155.94	62.07
1998	39	0.986	0.00	139.01	-6.46	142.77	63.08
1998	40	0.987	0.00	140.02	-6.52	129.60	64.10
1998	41	0.987	0.00	141.04	-6.57	116.43	65.12
1998	42	0.987	0.00	142.05	-6.63	103.26	66.14
1998	43	0.987	0.00	143.06	-6.68	90.09	67.15
1998	44	0.987	0.00	144.07	-6.72	76.92	68.17
1998	45	0.988	0.00	145.08	-6.77	63.75	69.19
1998	46	0.988	0.00	146.09	-6.81	50.58	70.20
1998	47	0.988	0.00	147.10	-6.86	37.41	71.22
1998	48	0.988	0.00	148.11	-6.90	24.24	72.24
1998	49	0.988	0.00	149.12	-6.93	11.13	73.25
1998	50	0.989	0.00	150.13	-6.97	357.96	74.27
1998	51	0.989	0.00	151.14	-7.00	344.78	75.28
1998	52	0.989	0.00	152.15	-7.03	331.61	76.30
1998	53	0.989	0.00	153.15	-7.06	318.44	77.31
1998	54	0.989	0.00	154.16	-7.09	305.27	78.33
1998	55	0.990	0.00	155.17	-7.11	292.09	79.34
1998	56	0.990	0.00	156.17	-7.14	278.92	80.36
1998	57	0.990	0.00	157.18	-7.16	265.74	81.37
1998	58	0.990	0.00	158.18	-7.18	252.57	82.38
1998	59	0.991	0.00	159.19	-7.19	239.39	83.39
1998	60	0.991	0.00	160.19	-7.20	226.22	84.41
1998	61	0.991	0.00	161.20	-7.22	213.04	85.42
1998	62	0.991	0.00	162.20	-7.22	199.87	86.43
1998	63	0.992	0.00	163.20	-7.23	186.69	87.44
1998	64	0.992	0.00	164.20	-7.24	173.51	88.45
1998	65	0.992	0.00	165.21	-7.24	160.33	89.46
1998	66	0.992	0.00	166.21	-7.24	147.16	90.47
1998	67	0.993	0.00	167.21	-7.24	133.98	91.48
1998	68	0.993	0.00	168.21	-7.23	120.80	92.49
1998	69	0.993	0.00	169.21	-7.23	107.68	93.49
1998	70	0.993	0.00	170.21	-7.22	94.50	94.50
1998	71	0.994	0.00	171.21	-7.21	81.32	95.51
1998	72	0.994	0.00	172.20	-7.19	68.14	96.51
1998	73	0.994	0.00	173.20	-7.18	54.95	97.52
1998	74	0.994	0.00	174.20	-7.16	41.77	98.52
1998	75	0.995	0.00	175.19	-7.14	28.59	99.53
1998	76	0.995	0.00	176.19	-7.12	15.40	100.53
1998	77	0.995	0.00	177.19	-7.09	2.22	101.53
1998	78	0.996	0.00	178.18	-7.07	349.03	102.53
1998	79	0.996	0.00	179.17	-7.04	335.85	103.54
1998	80	0.996	-0.00	180.17	-7.01	322.66	104.54
1998	81	0.996	-0.00	181.16	-6.98	309.47	105.54
1998	82	0.997	-0.00	182.15	-6.94	296.28	106.53
1998	83	0.997	-0.00	183.15	-6.91	283.10	107.53
1998	84	0.997	-0.00	184.14	-6.87	269.91	108.53
1998	85	0.997	-0.00	185.13	-6.83	256.72	109.53
1998	86	0.998	-0.00	186.12	-6.78	243.52	110.52
1998	87	0.998	-0.00	187.11	-6.74	230.33	111.52
1998	88	0.998	-0.00	188.10	-6.69	217.14	112.51
1998	89	0.999	-0.00	189.08	-6.64	203.95	113.51
1998	90	0.999	-0.00	190.07	-6.59	190.81	114.50
1998	91	0.999	-0.00	191.06	-6.54	177.62	115.49
1998	92	0.999	-0.00	192.05	-6.49	164.42	116.49
1998	93	1.000	-0.00	193.03	-6.43	151.23	117.48
1998	94	1.000	-0.00	194.02	-6.37	138.03	118.47
1998	95	1.000	-0.00	195.00	-6.31	124.83	119.46
1998	96	1.001	-0.00	195.99	-6.25	111.63	120.45
1998	97	1.001	-0.00	196.97	-6.19	98.43	121.43
1998	98	1.001	-0.00	197.96	-6.12	85.23	122.42
1998	99	1.001	-0.00	198.94	-6.05	72.03	123.41
1998	100	1.002	-0.00	199.92	-5.98	58.83	124.39
1998	101	1.002	-0.00	200.90	-5.91	45.63	125.38
1998	102	1.002	-0.00	201.88	-5.84	32.42	126.36
1998	103	1.003	-0.00	202.86	-5.77	19.22	127.34
1998	104	1.003	-0.00	203.84	-5.69	6.01	128.32
1998	105	1.003	-0.00	204.82	-5.61	352.81	129.31
1998	106	1.003	-0.00	205.80	-5.53	339.60	130.29
1998	107	1.004	-0.00	206.78	-5.45	326.39	131.27
1998	108	1.004	-0.00	207.76	-5.37	313.18	132.24
1998	109	1.004	-0.00	208.74	-5.29	299.97	133.22
1998	110	1.005	-0.00	209.71	-5.20	286.82	134.20
1998	111	1.005	-0.00	210.69	-5.12	273.61	135.18
1998	112	1.005	-0.00	211.67	-5.03	260.40	136.15
1998	113	1.005	-0.00	212.64	-4.94	247.19	137.13
1998	114	1.006	-0.00	213.62	-4.85	233.97	138.10
1998	115	1.006	-0.00	214.59	-4.76	220.76	139.07
1998	116	1.006	-0.00	215.56	-4.66	207.55	140.05
1998	117	1.006	-0.00	216.54	-4.57	194.33	141.02
1998	118	1.007	-0.00	217.51	-4.47	181.11	141.99
1998	119	1.007	-0.00	218.48	-4.38	167.90	142.96
1998	120	1.007	-0.00	219.45	-4.28	154.68	143.93
1998	121	1.008	-0.00	220.42	-4.18	141.46	144.90
1998	122	1.008	-0.00	221.39	-4.08	128.24	145.86
1998	123	1.008	-0.00	222.36	-3.98	115.02	146.83
1998	124	1.008	-0.00	223.33	-3.87	101.80	147.80
1998	125	1.009	-0.00	224.30	-3.77	88.58	148.76
1998	126	1.009	-0.00	225.27	-3.66	75.35	149.73
1998	127	1.009	-0.00	226.24	-3.56	62.13	150.69
1998	128	1.009	-0.00	227.21	-3.45	48.91	151.66
1998	129	1.009	-0.00	228.18	-3.34	35.68	152.62
1998	130	1.010	-0.00	229.14	-3.23	22.52	153.58
1998	131	1.010	-0.00	230.11	-3.13	9.29	154.54
1998	132	1.010	-0.00	231.07	-3.01	356.07	155.50
1998	133	1.010	-0.00	232.04	-2.90	342.84	156.46
1998	134	1.011	-0.00	233.01	-2.79	329.61	157.42
1998	135	1.011	-0.00	233.97	-2.68	316.38	158.38
1998	136	1.011	-0.00	234.93	-2.57	303.15	159.34
1998	137	1.011	-0.00	235.90	-2.45	289.92	160.30
1998	138	1.011	-0.00	236.86	-2.34	276.69	161.26
1998	139	1.012	-0.00	237.82	-2.22	263.46	162.21
1998	140	1.012	-0.00	238.79	-2.11	250.23	163.17
1998	141	1.012	-0.00	239.75	-1.99	237.00	164.13
1998	142	1.012	-0.00	240.71	-1.87	223.77	165.08
1998	143	1.012	-0.00	241.67	-1.76	210.54	166.04
1998	144	1.013	-0.00	242.63	-1.64	197.30	166.99
1998	145	1.013	-0.00	243.60	-1.52	184.07	167.94
1998	146	1.013	-0.00	244.56	-1.40	170.84	168.90
1998	147	1.013	-0.00	245.52	-1.28	157.60	169.85
1998	148	1.013	-0.00	246.48	-1.16	144.37	170.80
1998	149	1.014	-0.00	247.44	-1.04	131.13	171.76
1998	150	1.014	-0.00	248.39	-0.92	117.96	172.71
1998	151	1.014	-0.00	249.35	-0.80	104.72	173.66
1998	152	1.014	-0.00	250.31	-0.68	91.48	174.61
1998	153	1.014	-0.00	251.27	-0.56	78.25	175.56
1998	154	1.014	-0.00	252.23	-0.44	65.01	176.51
1998	155	1.014	-0.00	253.19	-0.32	51.77	177.46
1998	156	1.015	-0.00	254.14	-0.20	38.54	178.41
1998	157	1.015	-0.00	255.10	-0.08	25.30	179.36
1998	158	1.015	-0.00	256.06	0.04	12.06	180.31
1998	159	1.015	-0.00	257.02	0.16	358.82	181.26
1998	160	1.015	-0.00	257.97	0.28	345.58	182.21
1998	161	1.015	-0.00	258.93	0.40	332.34	183.16
1998	162	1.015	-0.00	259.88	0.52	319.10	184.10
1998	163	1.015	-0.00	260.84	0.64	305.87	185.05
1998	164	1.016	-0.00	261.80	0.76	292.63	186.00
1998	165	1.016	-0.00	262.75	0.88	279.39	186.95
1998	166	1.016	-0.00	263.71	1.00	266.15	187.90
1998	167	1.016	-0.00	264.66	1.12	252.91	188.84
1998	168	1.016	-0.00	265.62	1.24	239.67	189.79
1998	169	1.016	-0.00	266.57	1.36	226.43	190.74
1998	170	1.016	-0.00	267.53	1.47	213.25	191.69
1998	171	1.016	-0.00	268.48	1.59	200.01	192.63
1998	172	1.016	-0.00	269.43	1.71	186.77	193.58
1998	173	1.016	-0.00	270.39	1.83	173.53	194.53
1998	174	1.016	-0.00	271.34	1.94	160.29	195.48
1998	175	1.016	-0.00	272.30	2.06	147.05	196.42
1998	176	1.016	-0.00	273.25	2.17	133.81	197.37
1998	177	1.017	-0.00	274.20	2.29	120.57	198.32
1998	178	1.017	-0.00	275.16	2.40	107.33	199.27
1998	179	1.017	-0.00	276.11	2.51	94.09	200.21
1998	180	1.017	-0.00	277.07	2.63	80.85	201.16
1998	181	1.017	-0.00	278.02	2.74	67.61	202.11
1998	182	1.017	-0.00	278.97	2.85	54.37	203.06
1998	183	1.017	-0.00	279.93	2.96	41.13	204.01
1998	184	1.017	-0.00	280.88	3.07	27.89	204.96
1998	185	1.017	-0.00	281.83	3.18	14.65	205.90
1998	186	1.017	-0.00	282.79	3.28	1.42	206.85
1998	187	1.017	-0.00	283.74	3.39	348.18	207.80
1998	188	1.017	-0.00	284.69	3.50	334.94	208.75
1998	189	1.017	-0.00	285.65	3.60	321.70	209.70
1998	190	1.017	-0.00	286.60	3.70	308.52	210.65
1998	191	1.017	-0.00	287.55	3.81	295.29	211.60
1998	192	1.017	-0.00	288.51	3.91	282.05	212.55
1998	193	1.017	-0.00	289.46	4.01	268.81	213.50
1998	194	1.017	-0.00	290.41	4.11	255.58	214.45
1998	195	1.017	-0.00	291.37	4.21	242.34	215.40
1998	196	1.016	-0.00	292.32	4.31	229.10	216.35
1998	197	1.016	-0.00	293.28	4.40	215.87	217.31
1998	198	1.016	-0.00	294.23	4.50	202.63	218.26
1998	199	1.016	-0.00	295.18	4.59	189.40	219.21
1998	200	1.016	-0.00	296.14	4.68	176.16	220.16
1998	201	1.016	-0.00	297.09	4.77	162.93	221.12
1998	202	1.016	-0.00	298.05	4.86	149.69	222.07
1998	203	1.016	-0.00	299.00	4.95	136.46	223.02
1998	204	1.016	-0.00	299.96	5.04	123.23	223.98
1998	205	1.016	-0.00	300.91	5.13	109.99	224.93
1998	206	1.016	-0.00	301.87	5.21	96.76	225.89
1998	207	1.016	-0.00	302.82	5.29	83.53	226.84
1998	208	1.016	-0.00	303.78	5.38	70.30	227.80
1998	209	1.015	-0.00	304.73	5.46	57.07	228.76
1998	210	1.015	-0.00	305.69	5.53	43.84	229.71
1998	211	1.015	-0.00	306.64	5.61	30.67	230.67
1998	212	1.015	-0.00	307.60	5.69	17.44	231.63
1998	213	1.015	-0.00	308.56	5.76	4.21	232.59
1998	214	1.015	-0.00	309.51	5.83	350.98	233.54
1998	215	1.015	-0.00	310.47	5.90	337.75	234.50
1998	216	1.015	-0.00	311.43	5.97	324.53	235.46
1998	217	1.014	-0.00	312.38	6.04	311.30	236.42
1998	218	1.014	-0.00	313.34	6.11	298.07	237.38
1998	219	1.014	-0.00	314.30	6.17	284.85	238.35
1998	220	1.014	-0.00	315.26	6.23	271.62	239.31
1998	221	1.014	-0.00	316.22	6.29	258.40	240.27
1998	222	1.014	-0.00	317.18	6.35	245.17	241.23
1998	223	1.014	-0.00	318.14	6.41	231.95	242.20
1998	224	1.013	-0.00	319.09	6.47	218.72	243.16
1998	225	1.013	-0.00	320.05	6.52	205.50	244.13
1998	226	1.013	-0.00	321.01	6.57	192.28	245.09
1998	227	1.013	-0.00	321.97	6.62	179.06	246.06
1998	228	1.013	-0.00	322.94	6.67	165.83	247.02
1998	229	1.012	-0.00	323.90	6.72	152.61	247.99
1998	230	1.012	-0.00	324.86	6.76	139.39	248.96
1998	231	1.012	-0.00	325.82	6.80	126.24	249.92
1998	232	1.012	-0.00	326.78	6.84	113.02	250.89
1998	233	1.012	-0.00	327.75	6.88	99.80	251.86
1998	234	1.011	-0.00	328.71	6.92	86.58	252.83
1998	235	1.011	-0.00	329.67	6.95	73.36	253.80
1998	236	1.011	-0.00	330.64	6.99	60.15	254.77
1998	237	1.011	-0.00	331.60	7.02	46.93	255.74
1998	238	1.011	-0.00	332.56	7.05	33.71	256.71
1998	239	1.010	-0.00	333.53	7.07	20.50	257.68
1998	240	1.010	-0.00	334.50	7.10	7.28	258.66
1998	241	1.010	-0.00	335.46	7.12	354.07	259.63
1998	242	1.010	-0.00	336.43	7.14	340.85	260.60
1998	243	1.010	-0.00	337.39	7.16	327.64	261.58
1998	244	1.009	-0.00	338.36	7.18	314.43	262.55
1998	245	1.009	-0.00	339.33	7.19	301.22	263.53
1998	246	1.009	-0.00	340.30	7.21	288.00	264.50
1998	247	1.009	-0.00	341.27	7.22	274.79	265.48
1998	248	1.008	-0.00	342.24	7.22	261.58	266.46
1998	249	1.008	-0.00	343.20	7.23	248.37	267.43
1998	250	1.008	-0.00	344.17	7.24	235.16	268.41
1998	251	1.008	-0.00	345.15	7.24	222.02	269.39
1998	252	1.007	-0.00	346.12	7.24	208.81	270.37
1998	253	1.007	-0.00	347.09	7.24	195.60	271.35
1998	254	1.007	-0.00	348.06	7.23	182.39	272.33
1998	255	1.007	-0.00	349.03	7.23	169.18	273.31
1998	256	1.006	-0.00	350.01	7.22	155.98	274.29
1998	257	1.006	-0.00	350.98	7.21	142.77	275.27
1998	258	1.006	-0.00	351.95	7.20	129.57	276.25
1998	259	1.005	-0.00	352.93	7.18	116.36	277.23
1998	260	1.005	-0.00	353.90	7.16	103.15	278.22
1998	261	1.005	-0.00	354.88	7.15	89.95	279.20
1998	262	1.005	-0.00	355.85	7.13	76.75	280.18
1998	263	1.004	-0.00	356.83	7.10	63.54	281.17
1998	264	1.004	-0.00	357.81	7.08	50.34	282.15
1998	265	1.004	-0.00	358.79	7.05	37.14	283.14
1998	266	1.004	-0.00	359.76	7.02	23.94	284.12
1998	267	1.003	0.00	0.74	6.99	10.73	285.11
1998	268	1.003	0.00	1.72	6.96	357.53	286.09
1998	269	1.003	0.00	2.70	6.92	344.33	287.08
1998	270	1.002	0.00	3.68	6.89	331.13	288.07
1998	271	1.002	0.00	4.66	6.85	317.99	289.06
1998	272	1.002	0.00	5.65	6.80	304.79	290.04
1998	273	1.002	0.00	6.63	6.76	291.59	291.03
1998	274	1.001	0.00	7.61	6.72	278.39	292.02
1998	275	1.001	0.00	8.59	6.67	265.20	293.01
1998	276	1.001	0.00	9.58	6.62	252.00	294.00
1998	277	1.000	0.00	10.56	6.57	238.80	294.99
1998	278	1.000	0.00	11.55	6.51	225.60	295.98
1998	279	1.000	0.00	12.53	6.46	212.41	296.97
1998	280	1.000	0.00	13.52	6.40	199.21	297.96
1998	281	0.999	0.00	14.51	6.34	186.01	298.95
1998	282	0.999	0.00	15.49	6.28	172.82	299.94
1998	283	0.999	0.00	16.48	6.22	159.62	300.93
1998	284	0.998	0.00	17.47	6.15	146.42	301.92
1998	285	0.998	0.00	18.46	6.09	133.23	302.92
1998	286	0.998	0.00	19.45	6.02	120.03	303.91
1998	287	0.998	0.00	20.44	5.95	106.84	304.90
1998	288	0.997	0.00	21.43	5.87	93.65	305.90
1998	289	0.997	0.00	22.42	5.80	80.45	306.89
1998	290	0.997	0.00	23.41	5.72	67.26	307.88
1998	291	0.996	0.00	24.40	5.65	54.13	308.88
1998	292	0.996	0.00	25.40	5.57	40.93	309.87
1998	293	0.996	0.00	26.39	5.49	27.74	310.87
1998	294	0.996	0.00	27.39	5.40	14.55	311.86
1998	295	0.995	0.00	28.38	5.32	1.36	312.86
1998	296	0.995	0.00	29.37	5.23	348.17	313.85
1998	297	0.995	0.00	30.37	5.15	334.97	314.85
1998	298	0.994	0.00	31.37	5.06	321.78	315.85
1998	299	0.994	0.00	32.36	4.97	308.59	316.84
1998	300	0.994	0.00	33.36	4.87	295.40	317.84
1998	301	0.994	0.00	34.36	4.78	282.21	318.84
1998	302	0.993	0.00	35.36	4.68	269.02	319.83
1998	303	0.993	0.00	36.36	4.59	255.83	320.83
1998	304	0.993	0.00	37.36	4.49	242.64	321.83
1998	305	0.993	0.00	38.36	4.39	229.45	322.83
1998	306	0.992	0.00	39.36	4.29	216.26	323.82
1998	307	0.992	0.00	40.36	4.19	203.07	324.82
1998	308	0.992	0.00	41.36	4.08	189.88	325.82
1998	309	0.992	0.00	42.36	3.98	176.70	326.82
1998	310	0.991	0.00	43.36	3.87	163.51	327.82
1998	311	0.991	0.00	44.37	3.76	150.38	328.82
1998	312	0.991	0.00	45.37	3.65	137.19	329.82
1998	313	0.991	0.00	46.37	3.54	124.01	330.82
1998	314	0.990	0.00	47.38	3.43	110.82	331.82
1998	315	0.990	0.00	48.38	3.32	97.63	332.82
1998	316	0.990	0.00	49.39	3.21	84.44	333.82
1998	317	0.990	0.00	50.40	3.09	71.26	334.82
1998	318	0.989	0.00	51.40	2.98	58.07	335.82
1998	319	0.989	0.00	52.41	2.86	44.89	336.82
1998	320	0.989	0.00	53.42	2.74	31.70	337.83
1998	321	0.989	0.00	54.42	2.63	18.51	338.83
1998	322	0.989	0.00	55.43	2.51	5.33	339.83
1998	323	0.988	0.00	56.44	2.39	352.14	340.83
1998	324	0.988	0.00	57.45	2.27	338.96	341.83
1998	325	0.988	0.00	58.46	2.15	325.77	342.84
1998	326	0.988	0.00	59.47	2.02	312.59	343.84
1998	327	0.988	0.00	60.48	1.90	299.41	344.84
1998	328	0.987	0.00	61.49	1.78	286.22	345.85
1998	329	0.987	0.00	62.50	1.65	273.04	346.85
1998	330	0.987	0.00	63.51	1.53	259.86	347.86
1998	331	0.987	0.00	64.53	1.41	246.73	348.86
1998	332	0.987	0.00	65.54	1.28	233.55	349.86
1998	333	0.986	0.00	66.55	1.15	220.37	350.87
1998	334	0.986	0.00	67.56	1.03	207.19	351.87
1998	335	0.986	0.00	68.58	0.90	194.01	352.88
1998	336	0.986	0.00	69.59	0.78	180.82	353.89
1998	337	0.986	0.00	70.60	0.65	167.64	354.89
1998	338	0.986	0.00	71.62	0.52	154.46	355.90
1998	339	0.985	0.00	72.63	0.39	141.28	356.90
1998	340	0.985	0.00	73.65	0.27	128.10	357.91
1998	341	0.985	0.00	74.66	0.14	114.92	358.92
1998	342	0.985	0.00	75.68	0.01	101.74	359.93
1998	343	0.985	0.00	76.69	-0.12	88.56	0.93
1998	344	0.985	0.00	77.71	-0.25	75.38	1.94
1998	345	0.985	0.00	78.73	-0.37	62.20	2.95
1998	346	0.985	0.00	79.74	-0.50	49.02	3.96
1998	347	0.984	0.00	80.76	-0.63	35.84	4.97
1998	348	0.984	0.00	81.78	-0.76	22.66	5.98
1998	349	0.984	0.00	82.79	-0.88	9.48	6.98
1998	350	0.984	0.00	83.81	-1.01	356.31	7.99
1998	351	0.984	0.00	84.83	-1.14	343.13	9.00
1998	352	0.984	0.00	85.85	-1.27	330.01	10.01
1998	353	0.984	0.00	86.86	-1.39	316.84	11.02
1998	354	0.984	0.00	87.88	-1.52	303.66	12.03
1998	355	0.984	0.00	88.90	-1.64	290.48	13.05
1998	356	0.984	0.00	89.92	-1.77	277.31	14.06
1998	357	0.984	0.00	90.94	-1.89	264.13	15.07
1998	358	0.984	0.00	91.96	-2.01	250.95	16.08
1998	359	0.984	0.00	92.97	-2.14	237.78	17.09
1998	360	0.983	0.00	93.99	-2.26	224.60	18.10
1998	361	0.983	0.00	95.01	-2.38	211.43	19.12
1998	362	0.983	0.00	96.03	-2.50	198.25	20.13
1998	363	0.983	0.00	97.05	-2.62	185.08	21.14
1998	364	0.983	0.00	98.07	-2.74	171.90	22.15
1998	365	0.983	0.00	99.09	-2.86	158.73	23.17
